faux123_nice, 396 114 21 118 0 13 0 80 48 2, 405 114 21 118 0 20 2 80 48 2, 408 114 21 118 0 22 3 80 48 2, 255 255 255
faux123_vivid, 458 114 81 118 32 31 0 32 48 2, 458 114 81 118 32 31 0 32 48 2, 458 114 81 118 32 31 0 32 48 2, 255 255 255
faux123_good, 316 0 100 118 0 0 0 48 48 2, 316 0 100 118 0 0 0 48 48 2, 316 0 100 118 0 0 0 48 48 2, 178 178 178
faux123_accurate, 407 64 68 118 0 18 6 83 48 2, 423 64 68 118 0 18 6 83 64 2, 423 64 68 118 0 18 6 83 64 2, 255 255 255
faux123_pop, 626 0 112 119 119 31 0 119 119 7, 626 0 112 119 119 31 0 119 119 7, 626 0 112 119 119 31 0 119 119 7, 255 255 255
PA_Brighter, 342 49 21 118 0 31 9 64 48 2, 342 49 21 118 0 31 9 64 48 2, 342 49 21 118 0 31 9 64 48 2, 245 244 240
PA_Contrast, 390 64 68 118 0 26 0 64 48 2, 390 64 68 118 0 26 0 64 48 2, 390 64 68 118 0 26 0 64 48 2, 245 244 240
matAuc12_boldness, 374 64 68 118 0 26 0 64 32 2, 374 64 68 118 0 26 0 64 32 2, 414 114 21 118 0 31 0 80 48 2, 237 234 237
kwerdenker_natural, 369 64 68 118 0 21 0 64 32 2, 364 64 68 118 0 16 0 64 32 2, 404 114 21 118 0 21 0 80 48 2, 250 245 250
acc3d_linear_white_to_black, 626 0 112 119 119 31 0 119 119 7, 626 0 112 119 119 31 0 119 119 7, 626 0 112 119 119 31 0 119 119 7, 255 255 255
nick34609, 600 17 119 119 69 28 3 119 119 7, 599 17 119 119 69 28 2 119 119 7, 600 17 119 119 69 28 3 119 119 7, 243 244 245
sarkozy_SGS_AMOLED, 426 64 68 118 0 20 6 83 64 3, 426 64 68 118 0 20 6 83 64 3, 426 64 68 118 0 20 6 83 64 3, 255 250 250
obsanity, 547 64 119 118 0 23 0 119 103 1, 547 64 119 118 0 23 0 119 103 1, 547 64 119 118 0 23 0 119 103 1, 255 255 255
ceejay83, 366 64 103 118 0 0 6 71 3 1, 366 64 103 118 0 0 6 71 3 1, 366 64 103 118 0 0 6 71 3 1, 255 255 255
cbutters, 409 64 68 118 0 18 8 83 48 2, 425 64 68 118 0 18 8 82 64 3, 441 64 68 118 0 18 8 83 80 2, 255 250 255
meranto, 437 0 119 119 0 23 0 87 87 2, 437 0 119 119 0 23 0 87 87 2, 437 0 119 119 0 23 0 87 87 2, 255 255 255
hospital349, 390 0 119 119 0 22 2 119 7 2, 390 0 119 119 0 22 2 119 7 2, 390 0 119 119 0 22 2 119 7 2, 250 250 255
archmag3, 187 1 21 103 0 29 6 23 2 2, 187 1 21 103 0 29 6 23 2 2, 187 1 21 103 0 29 6 23 2 2, 233 232 242
bundi_22_puncy, 215 0 87 119 0 6 0 1 0 2, 215 0 87 119 0 6 0 1 0 2, 215 0 87 119 0 6 0 1 0 2, 255 255 255
bundi_22_iPhone5, 168 0 39 119 0 6 0 2 0 2, 168 0 39 119 0 6 0 2 0 2, 168 0 39 119 0 6 0 2 0 2, 255 255 255
palmadores_colorimeter, 361 64 68 101 0 16 20 71 19 2, 309 65 68 53 0 15 16 71 19 2, 375 66 68 117 0 16 16 71 19 2, 255 244 228
runningreturning, 448 100 38 118 0 31 31 80 48 2, 448 100 38 118 0 31 31 80 48 2, 448 100 38 118 0 31 31 80 48 2, 255 251 247
archmag3_good_color, 359 0 119 119 0 13 0 68 36 4, 359 0 119 119 0 13 0 68 36 4, 359 0 119 119 0 13 0 68 36 4, 255 255 255
archmag3_2, 349 0 119 119 0 22 0 51 35 3, 349 0 119 119 0 22 0 51 35 3, 349 0 119 119 0 22 0 51 35 3, 255 255 255
sak3ater, 136 0 5 119 0 1 0 7 2 2, 136 0 5 119 0 1 0 7 2 2, 136 0 5 119 0 1 0 7 2 2, 255 255 255
archmag3_3, 363 0 119 119 0 25 9 51 36 4, 363 0 119 119 0 25 9 51 36 4, 363 0 119 119 0 25 9 51 36 4, 255 255 255
dark_fear_matr1x, 553 64 119 118 0 23 6 119 103 1, 553 64 119 118 0 23 6 119 103 1, 553 64 119 118 0 23 6 119 103 1, 255 255 255
noiseboy1176, 372 115 21 118 0 3 0 80 33 2, 372 115 21 118 0 3 0 80 33 2, 372 115 21 118 0 3 0 80 33 2, 251 248 255
mohitgalaxy3_nexus5, 268 0 0 70 0 16 0 84 96 2, 271 0 0 70 0 16 3 84 96 2, 275 0 0 70 0 20 3 84 96 2, 255 255 255
mohitgalaxy3_old, 161 0 0 70 0 4 2 67 16 2, 161 0 0 70 0 4 2 67 16 2, 161 0 0 70 0 4 2 67 16 2, 255 255 255
mohitgalaxy3_newStock, 191 0 33 70 0 0 3 67 16 2, 191 0 33 70 0 0 3 67 16 2, 180 0 17 70 0 5 3 67 16 2, 255 255 255
mohitgalaxy3_kel_Ghu_mod, 158 0 0 70 0 3 0 67 16 2, 158 0 0 70 0 3 0 67 16 2, 158 0 0 70 0 3 0 67 16 2, 255 255 255
PA_HalfBreed, 378 64 68 118 0 25 4 66 32 1, 378 64 68 118 0 25 4 66 32 1, 378 64 68 118 0 25 4 66 32 1, 255 255 255
kel_Ghu_gamma_2_2, 147 0 0 71 0 3 0 71 0 2, 147 0 0 71 0 3 0 71 0 2, 147 0 0 71 0 3 0 71 0 2, 255 255 255
LG, 383 114 21 118 0 0 0 80 48 2, 383 114 21 118 0 0 0 80 48 2, 383 114 21 118 0 0 0 80 48 2, 255 255 255
Google, 332 64 68 118 1 0 0 48 32 1, 332 64 68 118 1 0 0 48 32 1, 364 32 35 116 0 31 16 80 51 3, 255 255 255
Obsanity_AMOLED, 366 0 119 119 0 0 0 119 7 2, 366 0 119 119 0 0 0 119 7 2, 366 0 119 119 0 0 0 119 7 2, 255 255 255